         9                   81          8 1
        10                  100         10 0
        45                 2025         20 25
        55                 3025         30 25
        99                 9801         98 1
       100                10000        100 0
       297                88209         88 209
       703               494209        494 209
       999               998001        998 1
      1000              1000000       1000 0
      2223              4941729        494 1729
      2728              7441984        744 1984
      4879             23804641        238 4641
      4950             24502500       2450 2500
      5050             25502500       2550 2500
      5292             28005264         28 5264
      7272             52881984       5288 1984
      7777             60481729       6048 1729
      9999             99980001       9998 1
     10000            100000000      10000 0
     17344            300814336       3008 14336
     22222            493817284       4938 17284
     38962           1518037444       1518 37444
     77778           6049417284      60494 17284
     82656           6832014336      68320 14336
     95121           9048004641      90480 4641
     99999           9999800001      99998 1
    100000          10000000000     100000 0
    142857          20408122449      20408 122449
    148149          21948126201      21948 126201
    181819          33058148761      33058 148761
    187110          35010152100      35010 152100
    208495          43470165025      43470 165025
    318682         101558217124     101558 217124
    329967         108878221089     108878 221089
    351352         123448227904     123448 227904
    356643         127194229449     127194 229449
    390313         152344237969     152344 237969
    461539         213018248521     213018 248521
    466830         217930248900     217930 248900
    499500         249500250000     249500 250000
    500500         250500250000     250500 250000
    533170         284270248900     284270 248900
    538461         289940248521     289940 248521
    609687         371718237969     371718 237969
    627615         393900588225      39390 588225
    643357         413908229449     413908 229449
    648648         420744227904     420744 227904
    670033         448944221089     448944 221089
    681318         464194217124     464194 217124
    791505         626480165025     626480 165025
    812890         660790152100     660790 152100
    818181         669420148761     669420 148761
    851851         725650126201     725650 126201
    857143         734694122449     734694 122449
    961038         923594037444     923594 37444
    994708         989444005264     989444 5264
    999999         999998000001     999998 1
   1000000        1000000000000    1000000 0
   4444444       19753082469136    1975308 2469136
   4927941       24284602499481    2428460 2499481
   5072059       25725782499481    2572578 2499481
   5479453       30024405179209     300244 5179209
   5555556       30864202469136    3086420 2469136
   8161912       66616807495744     666168 7495744
   9372385       87841600588225    8784160 588225
   9999999       99999980000001    9999998 1
  10000000      100000000000000   10000000 0
  11111112      123456809876544    1234568 9876544
  13641364      186086811780496    1860868 11780496
  16590564      275246813838096    2752468 13838096
  19273023      371449415558529    3714494 15558529
  19773073      390974415863329    3909744 15863329
  24752475      612685018625625    6126850 18625625
  25252525      637690018875625    6376900 18875625
  30884184      953832821345856    9538328 21345856
  36363636     1322314023140496   13223140 23140496
  38883889     1511956823764321   15119568 23764321
  44363341     1968106024682281   19681060 24682281
  44525548     1982524424700304   19825244 24700304
  49995000     2499500025000000   24995000 25000000
  50005000     2500500025000000   25005000 25000000
  55474452     3077414824700304   30774148 24700304
  55636659     3095437824682281   30954378 24682281
  61116111     3735179023764321   37351790 23764321
  63636364     4049586823140496   40495868 23140496
  69115816     4776996021345856   47769960 21345856
  74747475     5587185018875625   55871850 18875625
  75247525     5662190018625625   56621900 18625625
  80226927     6436359815863329   64363598 15863329
  80726977     6516844815558529   65168448 15558529
  83409436     6957134013838096   69571340 13838096
  86358636     7457814011780496   74578140 11780496
  88888888     7901234409876544   79012344 9876544
  91838088     8434234407495744   84342344 7495744
  94520547     8934133805179209   89341338 5179209
  99999999     9999999800000001   99999998 1
 100000000    10000000000000000  100000000 0
 234567901    55022100179545801   55022100 179545801
 243902440    59488400237953600    5948840 237953600
 332999667   110888778222110889  110888778 222110889
 432432432   186997808245434624  186997808 245434624
 567567568   322132944245434624  322132944 245434624
 665188470   442475700620940900   44247570 620940900
 667000333   444889444222110889  444889444 222110889
 765432099   585886298179545801  585886298 179545801
 867208672   752050880792003584   75205088 792003584
 909090909   826446280826446281   82644628 826446281
 999999999   999999998000000001  999999998 1
1000000000  1000000000000000000 1000000000 0
1111111111  1234567900987654321  123456790 987654321
1776299581  3155240201460775561  315524020 1460775561
2020202020  4081216201612080400  408121620 1612080400
2646002646  7001330002639001316    7001330 2639001316
3846956652 14799075482367049104 1479907548 2367049104
3888938889 15123845682376554321 1512384568 2376554321
4090859091 16735128102417346281 1673512810 2417346281
4132841328 17080377442424803584 1708037744 2424803584
